2	59.78881786
2.000260417	59.78880687
2.000520833	59.78875658
2.00078125	59.78867942
2.001041667	59.78859737
2.001302083	59.78853117
2.0015625	59.78850035
2.001822917	59.78852331
2.002083333	59.78861732
2.00234375	59.78879857
2.002604167	59.78908217
2.002864583	59.78948225
2.003125	59.79001194
2.003385417	59.79068343
2.003645833	59.79150797
2.00390625	59.79249596
2.004166667	59.79365693
2.004427083	59.7949996
2.0046875	59.7965319
2.004947917	59.79826101
2.005208333	59.80019339
2.00546875	59.8023348
2.005729167	59.80469033
2.005989583	59.80726445
2.00625	59.81006103
2.006510417	59.81308332
2.006770833	59.81633407
2.00703125	59.81981547
2.007291667	59.82352923
2.007552083	59.82747658
2.0078125	59.83165829
2.008072917	59.83607473
2.008333333	59.84072585
2.00859375	59.84561122
2.008854167	59.85073005
2.009114583	59.85608124
2.009375	59.86166335
2.009635417	59.86747466
2.009895833	59.87351314
2.01015625	59.87977656
2.010416667	59.8862624
2.010677083	59.89296796
2.0109375	59.89989029
2.011197917	59.90702629
2.011458333	59.91437268
2.01171875	59.921926
2.011979167	59.92968269
2.012239583	59.93763901
2.0125	59.94579114
2.012760417	59.95413514
2.013020833	59.96266699
2.01328125	59.97138258
2.013541667	59.98027775
2.013802083	59.98934826
2.0140625	59.99858983
2.014322917	60.00799815
2.014583333	60.01756887
2.01484375	60.02729764
2.015104167	60.03718007
2.015364583	60.04721178
2.015625	60.05738841
2.015885417	60.06770557
2.016145833	60.07815893
2.01640625	60.08874416
2.016666667	60.09945696
2.016927083	60.11029306
2.0171875	60.12124825
2.017447917	60.13231834
2.017708333	60.1434992
2.01796875	60.15478674
2.018229167	60.16617695
2.018489583	60.17766586
2.01875	60.1892394
2.019010417	60.20086383
2.019270833	60.21249705
2.01953125	60.22409932
2.019791667	60.23563319
2.020052083	60.2470634
2.0203125	60.25835688
2.020572917	60.2694826
2.020833333	60.28041157
2.02109375	60.29111675
2.021354167	60.30157298
2.021614583	60.31175691
2.021875	60.32164696
2.022135417	60.33122323
2.022395833	60.34046746
2.02265625	60.34936294
2.022916667	60.35789448
2.023177083	60.36604833
2.0234375	60.37381213
2.023697917	60.38117484
2.023958333	60.38812671
2.02421875	60.39465919
2.024479167	60.4007649
2.024739583	60.40643757
2.025	60.41167198
2.025260417	60.41646392
2.025520833	60.42081014
2.02578125	60.4247083
2.026041667	60.4281569
2.026302083	60.43115528
2.0265625	60.43370353
2.026822917	60.43580249
2.027083333	60.43745366
2.02734375	60.43865919
2.027604167	60.43942185
2.027864583	60.43974495
2.028125	60.43963235
2.028385417	60.43908839
2.028645833	60.43811786
2.02890625	60.436726
2.029166667	60.43491841
2.029427083	60.43270108
2.0296875	60.43008031
2.029947917	60.42706271
2.030208333	60.42365517
2.03046875	60.4198648
2.030729167	60.41569896
2.030989583	60.41116521
2.03125	60.40627126
2.031510417	60.401025
2.031770833	60.39544458
2.03203125	60.38956803
2.032291667	60.38344188
2.032552083	60.37711045
2.0328125	60.37061591
2.033072917	60.36399831
2.033333333	60.35729566
2.03359375	60.35054397
2.033854167	60.34377731
2.034114583	60.33702785
2.034375	60.33032594
2.034635417	60.32370012
2.034895833	60.31717722
2.03515625	60.31078241
2.035416667	60.3045392
2.035677083	60.29846956
2.0359375	60.29259394
2.036197917	60.28693131
2.036458333	60.28149925
2.03671875	60.27631395
2.036979167	60.27139031
2.037239583	60.26674196
2.0375	60.26238131
2.037760417	60.25831962
2.038020833	60.25456702
2.03828125	60.25113256
2.038541667	60.24802429
2.038802083	60.24524925
2.0390625	60.24281355
2.039322917	60.24072241
2.039583333	60.23898021
2.03984375	60.23759047
2.040104167	60.236556
2.040364583	60.23587882
2.040625	60.2355603
2.040885417	60.23560111
2.041145833	60.23600132
2.04140625	60.23676042
2.041666667	60.23787732
2.041927083	60.23935044
2.0421875	60.24117767
2.042447917	60.24335648
2.042708333	60.24588388
2.04296875	60.24875652
2.043229167	60.25197063
2.043489583	60.25552213
2.04375	60.25940661
2.044010417	60.26361937
2.044270833	60.26815543
2.04453125	60.27300958
2.044791667	60.27817636
2.045052083	60.28365014
2.0453125	60.28941493
2.045572917	60.29543524
2.045833333	60.30166746
2.04609375	60.30806962
2.046354167	60.31460143
2.046614583	60.32122467
2.046875	60.32790308
2.047135417	60.33460238
2.047395833	60.34129016
2.04765625	60.34793588
2.047916667	60.35451075
2.048177083	60.36098774
2.0484375	60.36734148
2.048697917	60.37354824
2.048958333	60.37958587
2.04921875	60.38543371
2.049479167	60.39107259
2.049739583	60.39648476
2.05	60.40165383
2.050260417	60.40656472
2.050520833	60.41120364
2.05078125	60.415558
2.051041667	60.41961637
2.051302083	60.42336847
2.0515625	60.42680507
2.051822917	60.429918
2.052083333	60.43270005
2.05234375	60.43514496
2.052604167	60.43724738
2.052864583	60.43900281
2.053125	60.44040757
2.053385417	60.44145876
2.053645833	60.4421542
2.05390625	60.44249244
2.054166667	60.44247267
2.054427083	60.44209471
2.0546875	60.44135898
2.054947917	60.44026647
2.055208333	60.43881866
2.05546875	60.43701755
2.055729167	60.43486561
2.055989583	60.43236571
2.05625	60.42952116
2.056510417	60.42633563
2.056770833	60.42281861
2.05703125	60.41899531
2.057291667	60.41490482
2.057552083	60.41058569
2.0578125	60.40607127
2.058072917	60.40139675
2.058333333	60.39659908
2.05859375	60.39171331
2.058854167	60.38677265
2.059114583	60.38180857
2.059375	60.37685078
2.059635417	60.37192731
2.059895833	60.36706458
2.06015625	60.36228741
2.060416667	60.35761909
2.060677083	60.35308142
2.0609375	60.34869477
2.061197917	60.3444781
2.061458333	60.34044907
2.06171875	60.33662399
2.061979167	60.33301797
2.062239583	60.32964487
2.0625	60.32651742
2.062760417	60.32364724
2.063020833	60.32104485
2.06328125	60.31871977
2.063541667	60.31668053
2.063802083	60.3149347
2.0640625	60.31348895
2.064322917	60.31234912
2.064583333	60.31152017
2.06484375	60.31100633
2.065104167	60.31081103
2.065364583	60.31093703
2.065625	60.31138639
2.065885417	60.31216053
2.066145833	60.31326028
2.06640625	60.31468586
2.066666667	60.31643698
2.066927083	60.31851283
2.0671875	60.32091209
2.067447917	60.32363257
2.067708333	60.32666223
2.06796875	60.32997707
2.068229167	60.33355981
2.068489583	60.33739609
2.06875	60.34145527
2.069010417	60.34570208
2.069270833	60.35011729
2.06953125	60.35469864
2.069791667	60.35944044
2.070052083	60.3643177
2.0703125	60.36929549
2.070572917	60.37434992
2.070833333	60.37947671
2.07109375	60.38466982
2.071354167	60.389905
2.071614583	60.39515104
2.071875	60.40037848
2.072135417	60.40556216
2.072395833	60.41068106
2.07265625	60.41571278
2.072916667	60.42063371
2.073177083	60.42542176
2.0734375	60.43005628
2.073697917	60.43451802
2.073958333	60.43878911
2.07421875	60.44285299
2.074479167	60.44669438
2.074739583	60.45029919
2.075	60.45365454
2.075260417	60.45674866
2.075520833	60.45957087
2.07578125	60.46211154
2.076041667	60.46436202
2.076302083	60.46631464
2.0765625	60.46796263
2.076822917	60.46930012
2.077083333	60.47032203
2.07734375	60.47102413
2.077604167	60.47140291
2.077864583	60.4714556
2.078125	60.47118012
2.078385417	60.47058082
2.078645833	60.46966812
2.07890625	60.46844658
2.079166667	60.46691522
2.079427083	60.46507371
2.0796875	60.46292232
2.079947917	60.46046175
2.080208333	60.45769347
2.08046875	60.45462526
2.080729167	60.45128015
2.080989583	60.4476876
2.08125	60.44386613
2.081510417	60.43983019
2.081770833	60.43560499
2.08203125	60.43122517
2.082291667	60.42672687
2.082552083	60.42214042
2.0828125	60.41748682
2.083072917	60.41278618
2.083333333	60.40806532
2.08359375	60.4033534
2.083854167	60.39867325
2.084114583	60.39403829
2.084375	60.38946231
2.084635417	60.3849663
2.084895833	60.38057342
2.08515625	60.37630037
2.085416667	60.37215441
2.085677083	60.36814382
2.0859375	60.36427881
2.086197917	60.36055949
2.086458333	60.35697855
2.08671875	60.35353481
2.086979167	60.35023897
2.087239583	60.3471047
2.0875	60.34413616
2.087760417	60.34133278
2.088020833	60.33870202
2.08828125	60.33625786
2.088541667	60.3340141
2.088802083	60.3319794
2.0890625	60.33015406
2.089322917	60.32853873
2.089583333	60.32714116
2.08984375	60.32597139
2.090104167	60.32502801
2.090364583	60.3242939
2.090625	60.32375743
2.090885417	60.32342309
2.091145833	60.32329612
2.09140625	60.3233667
2.091666667	60.3236115
2.091927083	60.32401426
2.0921875	60.32456667
2.092447917	60.32524868
2.092708333	60.32603158
2.09296875	60.32689313
2.093229167	60.3278274
2.093489583	60.32883426
2.09375	60.32989927
2.094010417	60.33100479
2.094270833	60.33214945
2.09453125	60.33334552
2.094791667	60.33460487
2.095052083	60.33592474
2.0953125	60.33728793
2.095572917	60.33868395
2.095833333	60.34012102
2.09609375	60.34160789
2.096354167	60.34313571
2.096614583	60.34468366
2.096875	60.34624009
2.097135417	60.3478132
2.097395833	60.34941195
2.09765625	60.35102669
2.097916667	60.35263649
2.098177083	60.35422897
2.0984375	60.35580078
2.098697917	60.35733917
2.098958333	60.3588232
2.09921875	60.36023782
2.099479167	60.36158377
2.099739583	60.36286831
2.1	60.3640855
